[nu=0.02] N=8192, run+diagnostics 39.2s
[nu=0.01] N=8192, run+diagnostics 37.0s
[nu=0.005] N=8192, run+diagnostics 38.3s

=== A. SSF fit |u_k| ~ C k^-n exp(-delta k)  (fit 4<=k<=k_up, roundoff floor 1e-13) ===

nu = 0.02:  pi*nu = 0.0628,  nu^(3/4) = 0.0532
   t    delta_fit   n_fit  delta(n=4/3)  k_up  delta_inviscid  delta_ColeHopf  pi*nu/U(t)
  0.20     1.3479    1.37      1.3512     20        1.3126            nan          nan
  0.30     0.9760    1.27      0.9712     27        0.9199            nan          nan
  0.40     0.7287    1.14      0.7169     36        0.6503            nan          nan
  0.50     0.5510    0.98      0.5341     47        0.4509            nan          nan
  0.60     0.4186    0.81      0.3985     62        0.2986            nan          nan
  0.70     0.3174    0.64      0.2967     83        0.1814         0.3305          nan
  0.80     0.2392    0.50      0.2198    111        0.0931         0.2474          nan
  0.90     0.1795    0.38      0.1625    149        0.0313         0.1845          nan
  0.95     0.1556    0.33      0.1401    172        0.0108         0.1596          nan
  1.00     0.1355    0.29      0.1212    198           nan         0.1385          nan
  1.05     0.1186    0.26      0.1057    227           nan         0.1211       0.1225
  1.10     0.1049    0.23      0.0932    258           nan         0.1069       0.0923
  1.20     0.0854    0.20      0.0755    318           nan         0.0868       0.0734
  1.30     0.0742    0.18      0.0653    367           nan         0.0753       0.0669
  1.40     0.0683    0.17      0.0600    399           nan         0.0692       0.0641
  1.50     0.0655    0.16      0.0575    417           nan         0.0663       0.0630
  1.60     0.0644    0.16      0.0566    425           nan         0.0652       0.0629
  1.70     0.0643    0.15      0.0564    426           nan         0.0651       0.0633
  1.80     0.0647    0.15      0.0568    424           nan         0.0655       0.0640
  1.90     0.0655    0.15      0.0575    419           nan         0.0663       0.0651
  2.00     0.0666    0.15      0.0585    413           nan         0.0674       0.0663
  2.10     0.0678    0.15      0.0596    406           nan         0.0686       0.0676
  2.20     0.0692    0.14      0.0608    398           nan         0.0700       0.0691
  2.30     0.0707    0.14      0.0621    390           nan         0.0715       0.0706
  2.40     0.0722    0.14      0.0634    382           nan         0.0730       0.0723
  2.50     0.0738    0.14      0.0648    374           nan         0.0747       0.0739
  -> delta bottoms out at t = 1.65 with delta_min = 0.0642  (delta_min/(pi nu) = 1.022); delta(t*=1) = 0.1355 = 2.547 nu^(3/4)
  -> log-log slope of delta vs (1-t) on 0.5<=t<=0.8: fit 0.909 (inviscid exact on same window 1.718; asymptotic 3/2)
  -> collapse-time forecast from delta^(2/3) linear on 0.5<=t<=0.7: t* = 1.146 (true 1)

nu = 0.01:  pi*nu = 0.0314,  nu^(3/4) = 0.0316
   t    delta_fit   n_fit  delta(n=4/3)  k_up  delta_inviscid  delta_ColeHopf  pi*nu/U(t)
  0.20     1.3310    1.42      1.3394     20        1.3126            nan          nan
  0.30     0.9490    1.37      0.9518     27        0.9199            nan          nan
  0.40     0.6918    1.29      0.6892     37        0.6503            nan          nan
  0.50     0.5057    1.18      0.4986     50        0.4509            nan          nan
  0.60     0.3668    1.03      0.3562     69        0.2986            nan          nan
  0.70     0.2615    0.86      0.2491     97        0.1814         0.2756          nan
  0.80     0.1816    0.68      0.1692    140        0.0931         0.1903          nan
  0.90     0.1221    0.51      0.1114    211        0.0313         0.1268          nan
  0.95     0.0990    0.43      0.0895    262        0.0108         0.1024          nan
  1.00     0.0801    0.37      0.0718    325           nan         0.0825          nan
  1.05     0.0652    0.32      0.0581    401           nan         0.0669       0.0613
  1.10     0.0539    0.28      0.0478    486           nan         0.0552       0.0461
  1.20     0.0405    0.23      0.0356    651           nan         0.0413       0.0367
  1.30     0.0348    0.22      0.0305    760           nan         0.0354       0.0334
  1.40     0.0325    0.21      0.0285    814           nan         0.0331       0.0320
  1.50     0.0316    0.21      0.0277    838           nan         0.0322       0.0315
  1.60     0.0314    0.21      0.0275    846           nan         0.0319       0.0314
  1.70     0.0315    0.21      0.0276    844           nan         0.0320       0.0316
  1.80     0.0318    0.20      0.0279    837           nan         0.0324       0.0320
  1.90     0.0323    0.20      0.0283    826           nan         0.0328       0.0325
  2.00     0.0328    0.20      0.0288    812           nan         0.0334       0.0331
  2.10     0.0335    0.20      0.0294    798           nan         0.0341       0.0338
  2.20     0.0342    0.20      0.0300    782           nan         0.0348       0.0346
  2.30     0.0349    0.20      0.0306    766           nan         0.0355       0.0353
  2.40     0.0357    0.20      0.0313    750           nan         0.0363       0.0361
  2.50     0.0365    0.19      0.0320    735           nan         0.0371       0.0370
  -> delta bottoms out at t = 1.60 with delta_min = 0.0314  (delta_min/(pi nu) = 0.998); delta(t*=1) = 0.0801 = 2.534 nu^(3/4)
  -> log-log slope of delta vs (1-t) on 0.5<=t<=0.8: fit 1.117 (inviscid exact on same window 1.718; asymptotic 3/2)
  -> collapse-time forecast from delta^(2/3) linear on 0.5<=t<=0.7: t* = 1.058 (true 1)

nu = 0.005:  pi*nu = 0.0157,  nu^(3/4) = 0.0188
   t    delta_fit   n_fit  delta(n=4/3)  k_up  delta_inviscid  delta_ColeHopf  pi*nu/U(t)
  0.20     1.3224    1.45      1.3334     20        1.3126            nan          nan
  0.30     0.9350    1.42      0.9418     27        0.9199            nan          nan
  0.40     0.6718    1.38      0.6746     37        0.6503            nan          nan
  0.50     0.4800    1.31      0.4790     52        0.4509            nan          nan
  0.60     0.3358    1.21      0.3317     73        0.2986            nan          nan
  0.70     0.2270    1.06      0.2206    108        0.1814         0.2409          nan
  0.80     0.1457    0.86      0.1383    169        0.0931         0.1544          nan
  0.90     0.0867    0.64      0.0800    286        0.0313         0.0911          nan
  0.95     0.0647    0.53      0.0588    387        0.0108         0.0675          nan
  1.00     0.0474    0.44      0.0426    531           nan         0.0492          nan
  1.05     0.0347    0.36      0.0309    730           nan         0.0358       0.0306
  1.10     0.0264    0.30      0.0233    964           nan         0.0271       0.0231
  1.20     0.0190    0.26      0.0166   1348           nan         0.0194       0.0184
  1.30     0.0167    0.25      0.0147   1531           nan         0.0171       0.0167
  1.40     0.0159    0.25      0.0139   1616           nan         0.0163       0.0160
  1.50     0.0156    0.25      0.0136   1652           nan         0.0159       0.0158
  1.60     0.0155    0.25      0.0136   1662           nan         0.0158       0.0157
  1.70     0.0156    0.25      0.0136   1656           nan         0.0159       0.0158
  1.80     0.0157    0.25      0.0138   1640           nan         0.0161       0.0160
  1.90     0.0160    0.25      0.0140   1617           nan         0.0163       0.0163
  2.00     0.0163    0.25      0.0143   1590           nan         0.0166       0.0166
  2.10     0.0166    0.24      0.0145   1560           nan         0.0170       0.0169
  2.20     0.0170    0.24      0.0149   1530           nan         0.0173       0.0173
  2.30     0.0173    0.24      0.0152   1498           nan         0.0177       0.0177
  2.40     0.0177    0.24      0.0155   1467           nan         0.0181       0.0181
  2.50     0.0181    0.24      0.0159   1436           nan         0.0185       0.0185
  -> delta bottoms out at t = 1.60 with delta_min = 0.0155  (delta_min/(pi nu) = 0.986); delta(t*=1) = 0.0474 = 2.520 nu^(3/4)
  -> log-log slope of delta vs (1-t) on 0.5<=t<=0.8: fit 1.302 (inviscid exact on same window 1.718; asymptotic 3/2)
  -> collapse-time forecast from delta^(2/3) linear on 0.5<=t<=0.7: t* = 1.005 (true 1)

=== B. resolved (k<=Kc=32) vs unresolved residual u' = u - P_Kc u ; family fits to |u| ===
  delta_res = SSF fit on the RESOLVED band 3<=k<=32 only; rms_pred = sqrt(sum_{k>Kc} |C k^-n e^-dk|^2/2)

nu = 0.02
   t   delta  delta_res  delta*Kc   rms(u')    rms_pred   F(u')   F(u_x)   KS_Weib  KS_expW
  0.20  1.348    1.347    43.13   4.09e-17   1.77e-20    10.5      1.7    0.136    0.136
  0.30  0.976    0.974    31.23   2.15e-16   2.04e-16     2.2      2.0    0.135    0.137
  0.40  0.729    0.724    23.32   8.07e-13   8.35e-13     2.3      2.5    0.135    0.136
  0.50  0.551    0.539    17.63   3.66e-10   3.82e-10     2.9      3.2    0.135    0.136
  0.60  0.419    0.399    13.39   3.96e-08   4.15e-08     3.6      4.3    0.135    0.136
  0.70  0.317    0.291    10.16   1.52e-06   1.60e-06     4.7      6.0    0.135    0.136
  0.80  0.239    0.209     7.65   2.61e-05   2.77e-05     6.2      8.9    0.135    0.135
  0.90  0.179    0.147     5.74   2.33e-04   2.50e-04     8.2     13.8    0.134    0.134
  1.00  0.135    0.101     4.33   1.20e-03   1.30e-03    10.8     22.0    0.133    0.134
  1.10  0.105    0.071     3.36   3.82e-03   4.21e-03    14.0     34.0    0.132    0.133
  1.20  0.085    0.052     2.73   8.14e-03   9.08e-03    17.2     47.9    0.130    0.129
  1.30  0.074    0.041     2.37   1.27e-02   1.43e-02    19.7     59.8    0.126    0.119
  1.40  0.068    0.036     2.18   1.62e-02   1.83e-02    21.4     67.9    0.120    0.103
  1.50  0.065    0.034     2.10   1.81e-02   2.05e-02    22.3     72.4    0.113    0.087
  1.60  0.064    0.034     2.06   1.89e-02   2.14e-02    22.6     74.5    0.106    0.072
  1.70  0.064    0.034     2.06   1.90e-02   2.15e-02    22.7     75.1    0.101    0.061
  1.80  0.065    0.035     2.07   1.87e-02   2.11e-02    22.5     74.9    0.099    0.053
  1.90  0.066    0.036     2.10   1.81e-02   2.04e-02    22.3     74.1    0.097    0.047
  2.00  0.067    0.037     2.13   1.73e-02   1.95e-02    22.0     73.0    0.095    0.041
  2.10  0.068    0.038     2.17   1.65e-02   1.85e-02    21.6     71.8    0.093    0.037
  2.20  0.069    0.040     2.21   1.56e-02   1.75e-02    21.2     70.4    0.092    0.035
  2.30  0.071    0.041     2.26   1.47e-02   1.65e-02    20.8     69.0    0.091    0.032
  2.40  0.072    0.043     2.31   1.38e-02   1.55e-02    20.4     67.5    0.091    0.031
  2.50  0.074    0.044     2.36   1.30e-02   1.45e-02    19.9     66.1    0.090    0.029

nu = 0.01
   t   delta  delta_res  delta*Kc   rms(u')    rms_pred   F(u')   F(u_x)   KS_Weib  KS_expW
  0.20  1.331    1.331    42.59   5.47e-17   3.10e-20     7.3      1.7    0.136    0.136
  0.30  0.949    0.948    30.37   3.82e-16   3.78e-16     2.1      2.0    0.135    0.136
  0.40  0.692    0.689    22.14   1.82e-12   1.85e-12     2.4      2.5    0.135    0.137
  0.50  0.506    0.497    16.18   9.76e-10   1.00e-09     3.0      3.2    0.135    0.136
  0.60  0.367    0.352    11.74   1.22e-07   1.26e-07     4.0      4.4    0.135    0.136
  0.70  0.261    0.240     8.37   5.32e-06   5.51e-06     5.5      6.4    0.135    0.135
  0.80  0.182    0.154     5.81   1.01e-04   1.06e-04     7.8     10.2    0.135    0.135
  0.90  0.122    0.091     3.91   9.66e-04   1.02e-03    11.5     17.9    0.135    0.135
  1.00  0.080    0.048     2.56   5.02e-03   5.41e-03    17.5     35.4    0.135    0.136
  1.10  0.054    0.023     1.73   1.49e-02   1.66e-02    25.6     69.2    0.135    0.135
  1.20  0.040    0.011     1.30   2.71e-02   3.13e-02    33.0    108.9    0.132    0.136
  1.30  0.035    0.008     1.11   3.56e-02   4.17e-02    37.3    135.3    0.127    0.125
  1.40  0.033    0.007     1.04   4.00e-02   4.66e-02    39.2    148.1    0.120    0.105
  1.50  0.032    0.007     1.01   4.19e-02   4.84e-02    40.0    153.7    0.112    0.086
  1.60  0.031    0.008     1.00   4.24e-02   4.87e-02    40.2    155.7    0.104    0.070
  1.70  0.031    0.008     1.01   4.22e-02   4.82e-02    40.1    155.6    0.100    0.058
  1.80  0.032    0.009     1.02   4.15e-02   4.72e-02    39.9    154.3    0.098    0.049
  1.90  0.032    0.009     1.03   4.04e-02   4.59e-02    39.5    152.2    0.095    0.042
  2.00  0.033    0.010     1.05   3.92e-02   4.44e-02    39.0    149.7    0.094    0.037
  2.10  0.033    0.010     1.07   3.80e-02   4.29e-02    38.5    146.9    0.092    0.033
  2.20  0.034    0.011     1.09   3.66e-02   4.13e-02    38.0    143.9    0.091    0.029
  2.30  0.035    0.011     1.12   3.52e-02   3.98e-02    37.4    140.9    0.090    0.026
  2.40  0.036    0.012     1.14   3.39e-02   3.82e-02    36.8    137.8    0.089    0.024
  2.50  0.037    0.012     1.17   3.25e-02   3.67e-02    36.2    134.8    0.089    0.023

nu = 0.005
   t   delta  delta_res  delta*Kc   rms(u')    rms_pred   F(u')   F(u_x)   KS_Weib  KS_expW
  0.20  1.322    1.322    42.32   6.16e-17   3.94e-20     6.1      1.7    0.136    0.136
  0.30  0.935    0.935    29.92   5.27e-16   5.19e-16     2.0      2.0    0.136    0.136
  0.40  0.672    0.670    21.50   2.77e-12   2.80e-12     2.4      2.5    0.135    0.136
  0.50  0.480    0.475    15.36   1.63e-09   1.65e-09     3.1      3.3    0.135    0.136
  0.60  0.336    0.326    10.75   2.22e-07   2.25e-07     4.3      4.5    0.135    0.136
  0.70  0.227    0.212     7.26   1.04e-05   1.06e-05     6.1      6.7    0.135    0.136
  0.80  0.146    0.125     4.66   2.09e-04   2.14e-04     9.2     11.1    0.135    0.136
  0.90  0.087    0.063     2.77   2.07e-03   2.15e-03    15.1     21.9    0.135    0.136
  1.00  0.047    0.022     1.52   1.08e-02   1.15e-02    26.5     57.0    0.136    0.136
  1.10  0.026    0.003     0.85   2.96e-02   3.40e-02    42.1    152.1    0.137    0.138
  1.20  0.019   -0.001     0.61   4.57e-02   7.16e-02    52.0    246.5    0.133    0.140
  1.30  0.017   -0.001     0.54   5.36e-02   8.11e-02    55.3    288.8    0.128    0.128
  1.40  0.016   -0.000     0.51   5.73e-02   7.21e-02    56.5    307.2    0.121    0.106
  1.50  0.016    0.000     0.50   5.89e-02   7.04e-02    57.0    315.2    0.112    0.085
  1.60  0.015    0.001     0.50   5.93e-02   6.91e-02    57.1    317.3    0.104    0.068
  1.70  0.016    0.001     0.50   5.89e-02   6.76e-02    57.0    316.1    0.100    0.056
  1.80  0.016    0.001     0.50   5.80e-02   6.59e-02    56.8    312.8    0.097    0.047
  1.90  0.016    0.002     0.51   5.69e-02   6.42e-02    56.5    308.2    0.095    0.040
  2.00  0.016    0.002     0.52   5.55e-02   6.24e-02    56.1    302.8    0.093    0.034
  2.10  0.017    0.002     0.53   5.41e-02   6.06e-02    55.7    297.0    0.092    0.031
  2.20  0.017    0.002     0.54   5.26e-02   5.88e-02    55.3    290.8    0.091    0.026
  2.30  0.017    0.003     0.55   5.11e-02   5.70e-02    54.8    284.6    0.090    0.024
  2.40  0.018    0.003     0.57   4.96e-02   5.53e-02    54.3    278.3    0.089    0.022
  2.50  0.018    0.003     0.58   4.81e-02   5.36e-02    53.8    272.1    0.088    0.020

=== C. exp-Weibull moment map (k,a) -> (CV, skewness): Jacobian det on log-grid ===
  grid k in [0.6,12], a in [0.15,40] (22x22): det range [-1.580e+01, -3.874e-03], sign flips along a: 0
  |det| along the a-direction at k=2 (decay => unidentifiable combination):
    a=  0.150  CV=1.462  skew=+2.111  det=-5.343e-01
    a=  0.333  CV=0.967  skew=+1.317  det=-3.501e-01
    a=  0.740  CV=0.642  skew=+0.830  det=-2.524e-01
    a=  1.644  CV=0.438  skew=+0.602  det=-1.764e-01
    a=  3.651  CV=0.313  skew=+0.550  det=-1.129e-01
    a=  8.108  CV=0.236  skew=+0.578  det=-6.949e-02
    a= 18.009  CV=0.187  skew=+0.632  det=-4.332e-02
    a= 40.000  CV=0.154  skew=+0.687  det=-2.789e-02
  moment-matching the arcsine law of |sin x| (CV=0.483, skew=-0.497): optimiser runs to k=93, a=0.0189 (k*a=1.76), residual [-0.094  0.034]
    -> corner k->inf, a->0, k*a=c fixed: EW -> power-function law F=(x/l)^c on [0,l] (rank-1 moment map)
  Weibull (a=1) and Gumbel limits: skew(Weibull,k->inf) -> -1.1395, skew(EW, a->inf) -> Gumbel(max) +1.1395
    Weibull k= 3.000: CV=0.3634, skew=+0.1681
    Weibull k= 3.602: CV=0.3084, skew=+0.0001
    Weibull k=10.000: CV=0.1203, skew=-0.6376
    Weibull k=50.000: CV=0.0253, skew=-1.0249

=== D. Holland (1980) vortex passing a fixed mast at random miss distance ===
  Vmax=50.0 m/s, Rm=30.0 km, B=1.5, miss distance U[0,300.0] km, window +-500.0 km, n=400000
   eps(m/s)  P(V>Vmax-eps) MC   analytic 4 p_r(Rm) sqrt(2 eps/|V''|)
     0.05   0.00080          0.00079
     0.10   0.00115          0.00112
     0.20   0.00167          0.00159
     0.40   0.00238          0.00225
     0.80   0.00340          0.00318
     1.60   0.00495          0.00450
  log-log slope of P(V>Vmax-eps) vs eps = 0.525  (fold caustic: 1/2)
  ambient Weibull scale 0.0 m/s: KS Weibull=0.176, KS expW=0.049; histogram modes at [10.7] m/s
     quantiles 50/90/99/99.9%: MC [14.09 24.86 45.22 49.93]  Weib [15.58 26.05 35.05 41.7 ]  expW [14.51 23.6  38.53 57.3 ]
  ambient Weibull scale 5.0 m/s: KS Weibull=0.086, KS expW=0.032; histogram modes at [13.9] m/s
     quantiles 50/90/99/99.9%: MC [15.05 26.08 45.56 53.32]  Weib [16.   27.58 37.77 45.4 ]  expW [15.24 26.76 41.53 56.18]

total 118s
